50 50
0 1 s 0 
1 1 t 50 
2 1 t 50 
3 1 t 50 
4 1 t 50 
5 1 t 50 
6 1 t 50 
7 1 t 50 
8 1 t 50 
9 1 t 50 
10 1 t 50 
11 1 t 50 
12 1 t 50 
13 1 t 50 
14 1 t 50 
15 1 t 50 
16 1 t 50 
17 1 t 50 
18 1 t 50 
19 1 t 50 
20 1 t 50 
21 1 t 50 
22 1 t 50 
23 1 t 50 
24 1 t 50 
25 1 t 50 
26 1 t 50 
27 1 t 50 
28 1 t 50 
29 1 t 50 
30 1 t 50 
31 1 t 50 
32 1 t 50 
33 1 t 50 
34 1 t 50 
35 1 t 50 
36 1 t 50 
37 1 t 50 
38 1 t 50 
39 1 t 50 
40 1 t 50 
41 1 t 50 
42 1 t 50 
43 1 t 50 
44 1 t 50 
45 1 t 50 
46 1 t 50 
47 1 t 50 
48 1 t 50 
49 1 t 50 
50 1 t 62.5 
0 2 s 0 
1 2 c 20 
2 2 c 20 
3 2 c 20 
4 2 c 20 
5 2 c 20 
6 2 c 20 
7 2 c 20 
8 2 c 20 
9 2 c 20 
10 2 c 20 
11 2 c 20 
12 2 c 20 
13 2 c 20 
14 2 c 20 
15 2 c 20 
16 2 c 20 
17 2 c 20 
18 2 c 20 
19 2 c 20 
20 2 c 20 
21 2 c 20 
22 2 c 20 
23 2 c 20 
24 2 c 20 
25 2 c 20 
26 2 c 20 
27 2 c 20 
28 2 c 20 
29 2 c 20 
30 2 c 20 
31 2 c 20 
32 2 c 20 
33 2 c 20 
34 2 c 20 
35 2 c 20 
36 2 c 20 
37 2 c 20 
38 2 c 20 
39 2 c 20 
40 2 c 20 
41 2 c 20 
42 2 c 20 
43 2 c 20 
44 2 c 20 
45 2 c 20 
46 2 c 20 
47 2 c 20 
48 2 c 20 
49 2 c 20 
50 2 t 75 
0 3 s 0 
1 3 c 20 
2 3 c 20 
3 3 c 20 
4 3 c 20 
5 3 c 20 
6 3 c 20 
7 3 c 20 
8 3 c 20 
9 3 c 20 
10 3 c 20 
11 3 c 20 
12 3 c 20 
13 3 c 20 
14 3 c 20 
15 3 c 20 
16 3 c 20 
17 3 c 20 
18 3 c 20 
19 3 c 20 
20 3 c 20 
21 3 c 20 
22 3 c 20 
23 3 c 20 
24 3 c 20 
25 3 c 20 
26 3 c 20 
27 3 c 20 
28 3 c 20 
29 3 c 20 
30 3 c 20 
31 3 c 20 
32 3 c 20 
33 3 c 20 
34 3 c 20 
35 3 c 20 
36 3 c 20 
37 3 c 20 
38 3 c 20 
39 3 c 20 
40 3 c 20 
41 3 c 20 
42 3 c 20 
43 3 c 20 
44 3 c 20 
45 3 c 20 
46 3 c 20 
47 3 c 20 
48 3 c 20 
49 3 c 20 
50 3 t 75 
0 4 s 0 
1 4 c 20 
2 4 c 20 
3 4 c 20 
4 4 c 20 
5 4 c 20 
6 4 c 20 
7 4 c 20 
8 4 c 20 
9 4 c 20 
10 4 c 20 
11 4 c 20 
12 4 c 20 
13 4 c 20 
14 4 c 20 
15 4 c 20 
16 4 c 20 
17 4 c 20 
18 4 c 20 
19 4 c 20 
20 4 c 20 
21 4 c 20 
22 4 c 20 
23 4 c 20 
24 4 c 20 
25 4 c 20 
26 4 c 20 
27 4 c 20 
28 4 c 20 
29 4 c 20 
30 4 c 20 
31 4 c 20 
32 4 c 20 
33 4 c 20 
34 4 c 20 
35 4 c 20 
36 4 c 20 
37 4 c 20 
38 4 c 20 
39 4 c 20 
40 4 c 20 
41 4 c 20 
42 4 c 20 
43 4 c 20 
44 4 c 20 
45 4 c 20 
46 4 c 20 
47 4 c 20 
48 4 c 20 
49 4 c 20 
50 4 t 75 
0 5 s 0 
1 5 c 20 
2 5 c 20 
3 5 c 20 
4 5 c 20 
5 5 c 20 
6 5 c 20 
7 5 c 20 
8 5 c 20 
9 5 c 20 
10 5 c 20 
11 5 c 20 
12 5 c 20 
13 5 c 20 
14 5 c 20 
15 5 c 20 
16 5 c 20 
17 5 c 20 
18 5 c 20 
19 5 c 20 
20 5 c 20 
21 5 c 20 
22 5 c 20 
23 5 c 20 
24 5 c 20 
25 5 c 20 
26 5 c 20 
27 5 c 20 
28 5 c 20 
29 5 c 20 
30 5 c 20 
31 5 c 20 
32 5 c 20 
33 5 c 20 
34 5 c 20 
35 5 c 20 
36 5 c 20 
37 5 c 20 
38 5 c 20 
39 5 c 20 
40 5 c 20 
41 5 c 20 
42 5 c 20 
43 5 c 20 
44 5 c 20 
45 5 c 20 
46 5 c 20 
47 5 c 20 
48 5 c 20 
49 5 c 20 
50 5 t 75 
0 6 s 0 
1 6 c 20 
2 6 c 20 
3 6 c 20 
4 6 c 20 
5 6 c 20 
6 6 c 20 
7 6 c 20 
8 6 c 20 
9 6 c 20 
10 6 c 20 
11 6 c 20 
12 6 c 20 
13 6 c 20 
14 6 c 20 
15 6 c 20 
16 6 c 20 
17 6 c 20 
18 6 c 20 
19 6 c 20 
20 6 c 20 
21 6 c 20 
22 6 c 20 
23 6 c 20 
24 6 c 20 
25 6 c 20 
26 6 c 20 
27 6 c 20 
28 6 c 20 
29 6 c 20 
30 6 c 20 
31 6 c 20 
32 6 c 20 
33 6 c 20 
34 6 c 20 
35 6 c 20 
36 6 c 20 
37 6 c 20 
38 6 c 20 
39 6 c 20 
40 6 c 20 
41 6 c 20 
42 6 c 20 
43 6 c 20 
44 6 c 20 
45 6 c 20 
46 6 c 20 
47 6 c 20 
48 6 c 20 
49 6 c 20 
50 6 t 75 
0 7 s 0 
1 7 c 20 
2 7 c 20 
3 7 c 20 
4 7 c 20 
5 7 c 20 
6 7 c 20 
7 7 c 20 
8 7 c 20 
9 7 c 20 
10 7 c 20 
11 7 c 20 
12 7 c 20 
13 7 c 20 
14 7 c 20 
15 7 c 20 
16 7 c 20 
17 7 c 20 
18 7 c 20 
19 7 c 20 
20 7 c 20 
21 7 c 20 
22 7 c 20 
23 7 c 20 
24 7 c 20 
25 7 c 20 
26 7 c 20 
27 7 c 20 
28 7 c 20 
29 7 c 20 
30 7 c 20 
31 7 c 20 
32 7 c 20 
33 7 c 20 
34 7 c 20 
35 7 c 20 
36 7 c 20 
37 7 c 20 
38 7 c 20 
39 7 c 20 
40 7 c 20 
41 7 c 20 
42 7 c 20 
43 7 c 20 
44 7 c 20 
45 7 c 20 
46 7 c 20 
47 7 c 20 
48 7 c 20 
49 7 c 20 
50 7 t 75 
0 8 s 0 
1 8 c 20 
2 8 c 20 
3 8 c 20 
4 8 c 20 
5 8 c 20 
6 8 c 20 
7 8 c 20 
8 8 c 20 
9 8 c 20 
10 8 c 20 
11 8 c 20 
12 8 c 20 
13 8 c 20 
14 8 c 20 
15 8 c 20 
16 8 c 20 
17 8 c 20 
18 8 c 20 
19 8 c 20 
20 8 c 20 
21 8 c 20 
22 8 c 20 
23 8 c 20 
24 8 c 20 
25 8 c 20 
26 8 c 20 
27 8 c 20 
28 8 c 20 
29 8 c 20 
30 8 c 20 
31 8 c 20 
32 8 c 20 
33 8 c 20 
34 8 c 20 
35 8 c 20 
36 8 c 20 
37 8 c 20 
38 8 c 20 
39 8 c 20 
40 8 c 20 
41 8 c 20 
42 8 c 20 
43 8 c 20 
44 8 c 20 
45 8 c 20 
46 8 c 20 
47 8 c 20 
48 8 c 20 
49 8 c 20 
50 8 t 75 
0 9 s 0 
1 9 c 20 
2 9 c 20 
3 9 c 20 
4 9 c 20 
5 9 c 20 
6 9 c 20 
7 9 c 20 
8 9 c 20 
9 9 c 20 
10 9 c 20 
11 9 c 20 
12 9 c 20 
13 9 c 20 
14 9 c 20 
15 9 c 20 
16 9 c 20 
17 9 c 20 
18 9 c 20 
19 9 c 20 
20 9 c 20 
21 9 c 20 
22 9 c 20 
23 9 c 20 
24 9 c 20 
25 9 c 20 
26 9 c 20 
27 9 c 20 
28 9 c 20 
29 9 c 20 
30 9 c 20 
31 9 c 20 
32 9 c 20 
33 9 c 20 
34 9 c 20 
35 9 c 20 
36 9 c 20 
37 9 c 20 
38 9 c 20 
39 9 c 20 
40 9 c 20 
41 9 c 20 
42 9 c 20 
43 9 c 20 
44 9 c 20 
45 9 c 20 
46 9 c 20 
47 9 c 20 
48 9 c 20 
49 9 c 20 
50 9 t 75 
0 10 s 0 
1 10 c 20 
2 10 c 20 
3 10 c 20 
4 10 c 20 
5 10 c 20 
6 10 c 20 
7 10 c 20 
8 10 c 20 
9 10 c 20 
10 10 c 20 
11 10 c 20 
12 10 c 20 
13 10 c 20 
14 10 c 20 
15 10 c 20 
16 10 c 20 
17 10 c 20 
18 10 c 20 
19 10 c 20 
20 10 c 20 
21 10 c 20 
22 10 c 20 
23 10 c 20 
24 10 c 20 
25 10 c 20 
26 10 c 20 
27 10 c 20 
28 10 c 20 
29 10 c 20 
30 10 c 20 
31 10 c 20 
32 10 c 20 
33 10 c 20 
34 10 c 20 
35 10 c 20 
36 10 c 20 
37 10 c 20 
38 10 c 20 
39 10 c 20 
40 10 c 20 
41 10 c 20 
42 10 c 20 
43 10 c 20 
44 10 c 20 
45 10 c 20 
46 10 c 20 
47 10 c 20 
48 10 c 20 
49 10 c 20 
50 10 t 75 
0 11 s 0 
1 11 c 20 
2 11 c 20 
3 11 c 20 
4 11 c 20 
5 11 c 20 
6 11 c 20 
7 11 c 20 
8 11 c 20 
9 11 c 20 
10 11 c 20 
11 11 c 20 
12 11 c 20 
13 11 c 20 
14 11 c 20 
15 11 c 20 
16 11 c 20 
17 11 c 20 
18 11 c 20 
19 11 c 20 
20 11 c 20 
21 11 c 20 
22 11 c 20 
23 11 c 20 
24 11 c 20 
25 11 c 20 
26 11 c 20 
27 11 c 20 
28 11 c 20 
29 11 c 20 
30 11 c 20 
31 11 c 20 
32 11 c 20 
33 11 c 20 
34 11 c 20 
35 11 c 20 
36 11 c 20 
37 11 c 20 
38 11 c 20 
39 11 c 20 
40 11 c 20 
41 11 c 20 
42 11 c 20 
43 11 c 20 
44 11 c 20 
45 11 c 20 
46 11 c 20 
47 11 c 20 
48 11 c 20 
49 11 c 20 
50 11 t 75 
0 12 s 0 
1 12 c 20 
2 12 c 20 
3 12 c 20 
4 12 c 20 
5 12 c 20 
6 12 c 20 
7 12 c 20 
8 12 c 20 
9 12 c 20 
10 12 c 20 
11 12 c 20 
12 12 c 20 
13 12 c 20 
14 12 c 20 
15 12 c 20 
16 12 c 20 
17 12 c 20 
18 12 c 20 
19 12 c 20 
20 12 c 20 
21 12 c 20 
22 12 c 20 
23 12 c 20 
24 12 c 20 
25 12 c 20 
26 12 c 20 
27 12 c 20 
28 12 c 20 
29 12 c 20 
30 12 c 20 
31 12 c 20 
32 12 c 20 
33 12 c 20 
34 12 c 20 
35 12 c 20 
36 12 c 20 
37 12 c 20 
38 12 c 20 
39 12 c 20 
40 12 c 20 
41 12 c 20 
42 12 c 20 
43 12 c 20 
44 12 c 20 
45 12 c 20 
46 12 c 20 
47 12 c 20 
48 12 c 20 
49 12 c 20 
50 12 t 75 
0 13 s 0 
1 13 c 20 
2 13 c 20 
3 13 c 20 
4 13 c 20 
5 13 c 20 
6 13 c 20 
7 13 c 20 
8 13 c 20 
9 13 c 20 
10 13 c 20 
11 13 c 20 
12 13 c 20 
13 13 c 20 
14 13 c 20 
15 13 c 20 
16 13 c 20 
17 13 c 20 
18 13 c 20 
19 13 c 20 
20 13 c 20 
21 13 c 20 
22 13 c 20 
23 13 c 20 
24 13 c 20 
25 13 c 20 
26 13 c 20 
27 13 c 20 
28 13 c 20 
29 13 c 20 
30 13 c 20 
31 13 c 20 
32 13 c 20 
33 13 c 20 
34 13 c 20 
35 13 c 20 
36 13 c 20 
37 13 c 20 
38 13 c 20 
39 13 c 20 
40 13 c 20 
41 13 c 20 
42 13 c 20 
43 13 c 20 
44 13 c 20 
45 13 c 20 
46 13 c 20 
47 13 c 20 
48 13 c 20 
49 13 c 20 
50 13 t 75 
0 14 s 0 
1 14 c 20 
2 14 c 20 
3 14 c 20 
4 14 c 20 
5 14 c 20 
6 14 c 20 
7 14 c 20 
8 14 c 20 
9 14 c 20 
10 14 c 20 
11 14 c 20 
12 14 c 20 
13 14 c 20 
14 14 c 20 
15 14 c 20 
16 14 c 20 
17 14 c 20 
18 14 c 20 
19 14 c 20 
20 14 c 20 
21 14 c 20 
22 14 c 20 
23 14 c 20 
24 14 c 20 
25 14 c 20 
26 14 c 20 
27 14 c 20 
28 14 c 20 
29 14 c 20 
30 14 c 20 
31 14 c 20 
32 14 c 20 
33 14 c 20 
34 14 c 20 
35 14 c 20 
36 14 c 20 
37 14 c 20 
38 14 c 20 
39 14 c 20 
40 14 c 20 
41 14 c 20 
42 14 c 20 
43 14 c 20 
44 14 c 20 
45 14 c 20 
46 14 c 20 
47 14 c 20 
48 14 c 20 
49 14 c 20 
50 14 t 75 
0 15 s 0 
1 15 c 20 
2 15 c 20 
3 15 c 20 
4 15 c 20 
5 15 c 20 
6 15 c 20 
7 15 c 20 
8 15 c 20 
9 15 c 20 
10 15 c 20 
11 15 c 20 
12 15 c 20 
13 15 c 20 
14 15 c 20 
15 15 c 20 
16 15 c 20 
17 15 c 20 
18 15 c 20 
19 15 c 20 
20 15 c 20 
21 15 c 20 
22 15 c 20 
23 15 c 20 
24 15 c 20 
25 15 c 20 
26 15 c 20 
27 15 c 20 
28 15 c 20 
29 15 c 20 
30 15 c 20 
31 15 c 20 
32 15 c 20 
33 15 c 20 
34 15 c 20 
35 15 c 20 
36 15 c 20 
37 15 c 20 
38 15 c 20 
39 15 c 20 
40 15 c 20 
41 15 c 20 
42 15 c 20 
43 15 c 20 
44 15 c 20 
45 15 c 20 
46 15 c 20 
47 15 c 20 
48 15 c 20 
49 15 c 20 
50 15 t 75 
0 16 s 0 
1 16 c 20 
2 16 c 20 
3 16 c 20 
4 16 c 20 
5 16 c 20 
6 16 c 20 
7 16 c 20 
8 16 c 20 
9 16 c 20 
10 16 c 20 
11 16 c 20 
12 16 c 20 
13 16 c 20 
14 16 c 20 
15 16 c 20 
16 16 c 20 
17 16 c 20 
18 16 c 20 
19 16 c 20 
20 16 c 20 
21 16 c 20 
22 16 c 20 
23 16 c 20 
24 16 c 20 
25 16 c 20 
26 16 c 20 
27 16 c 20 
28 16 c 20 
29 16 c 20 
30 16 c 20 
31 16 c 20 
32 16 c 20 
33 16 c 20 
34 16 c 20 
35 16 c 20 
36 16 c 20 
37 16 c 20 
38 16 c 20 
39 16 c 20 
40 16 c 20 
41 16 c 20 
42 16 c 20 
43 16 c 20 
44 16 c 20 
45 16 c 20 
46 16 c 20 
47 16 c 20 
48 16 c 20 
49 16 c 20 
50 16 t 75 
0 17 s 0 
1 17 c 20 
2 17 c 20 
3 17 c 20 
4 17 c 20 
5 17 c 20 
6 17 c 20 
7 17 c 20 
8 17 c 20 
9 17 c 20 
10 17 c 20 
11 17 c 20 
12 17 c 20 
13 17 c 20 
14 17 c 20 
15 17 c 20 
16 17 c 20 
17 17 c 20 
18 17 c 20 
19 17 c 20 
20 17 c 20 
21 17 c 20 
22 17 c 20 
23 17 c 20 
24 17 c 20 
25 17 c 20 
26 17 c 20 
27 17 c 20 
28 17 c 20 
29 17 c 20 
30 17 c 20 
31 17 c 20 
32 17 c 20 
33 17 c 20 
34 17 c 20 
35 17 c 20 
36 17 c 20 
37 17 c 20 
38 17 c 20 
39 17 c 20 
40 17 c 20 
41 17 c 20 
42 17 c 20 
43 17 c 20 
44 17 c 20 
45 17 c 20 
46 17 c 20 
47 17 c 20 
48 17 c 20 
49 17 c 20 
50 17 t 75 
0 18 s 0 
1 18 c 20 
2 18 c 20 
3 18 c 20 
4 18 c 20 
5 18 c 20 
6 18 c 20 
7 18 c 20 
8 18 c 20 
9 18 c 20 
10 18 c 20 
11 18 c 20 
12 18 c 20 
13 18 c 20 
14 18 c 20 
15 18 c 20 
16 18 c 20 
17 18 c 20 
18 18 c 20 
19 18 c 20 
20 18 c 20 
21 18 c 20 
22 18 c 20 
23 18 c 20 
24 18 c 20 
25 18 c 20 
26 18 c 20 
27 18 c 20 
28 18 c 20 
29 18 c 20 
30 18 c 20 
31 18 c 20 
32 18 c 20 
33 18 c 20 
34 18 c 20 
35 18 c 20 
36 18 c 20 
37 18 c 20 
38 18 c 20 
39 18 c 20 
40 18 c 20 
41 18 c 20 
42 18 c 20 
43 18 c 20 
44 18 c 20 
45 18 c 20 
46 18 c 20 
47 18 c 20 
48 18 c 20 
49 18 c 20 
50 18 t 75 
0 19 s 0 
1 19 c 20 
2 19 c 20 
3 19 c 20 
4 19 c 20 
5 19 c 20 
6 19 c 20 
7 19 c 20 
8 19 c 20 
9 19 c 20 
10 19 c 20 
11 19 c 20 
12 19 c 20 
13 19 c 20 
14 19 c 20 
15 19 c 20 
16 19 c 20 
17 19 c 20 
18 19 c 20 
19 19 c 20 
20 19 c 20 
21 19 c 20 
22 19 c 20 
23 19 c 20 
24 19 c 20 
25 19 c 20 
26 19 c 20 
27 19 c 20 
28 19 c 20 
29 19 c 20 
30 19 c 20 
31 19 c 20 
32 19 c 20 
33 19 c 20 
34 19 c 20 
35 19 c 20 
36 19 c 20 
37 19 c 20 
38 19 c 20 
39 19 c 20 
40 19 c 20 
41 19 c 20 
42 19 c 20 
43 19 c 20 
44 19 c 20 
45 19 c 20 
46 19 c 20 
47 19 c 20 
48 19 c 20 
49 19 c 20 
50 19 t 75 
0 20 s 0 
1 20 c 20 
2 20 c 20 
3 20 c 20 
4 20 c 20 
5 20 c 20 
6 20 c 20 
7 20 c 20 
8 20 c 20 
9 20 c 20 
10 20 c 20 
11 20 c 20 
12 20 c 20 
13 20 c 20 
14 20 c 20 
15 20 c 20 
16 20 c 20 
17 20 c 20 
18 20 c 20 
19 20 c 20 
20 20 c 20 
21 20 c 20 
22 20 c 20 
23 20 c 20 
24 20 c 20 
25 20 c 20 
26 20 c 20 
27 20 c 20 
28 20 c 20 
29 20 c 20 
30 20 c 20 
31 20 c 20 
32 20 c 20 
33 20 c 20 
34 20 c 20 
35 20 c 20 
36 20 c 20 
37 20 c 20 
38 20 c 20 
39 20 c 20 
40 20 c 20 
41 20 c 20 
42 20 c 20 
43 20 c 20 
44 20 c 20 
45 20 c 20 
46 20 c 20 
47 20 c 20 
48 20 c 20 
49 20 c 20 
50 20 t 75 
0 21 s 0 
1 21 c 20 
2 21 c 20 
3 21 c 20 
4 21 c 20 
5 21 c 20 
6 21 c 20 
7 21 c 20 
8 21 c 20 
9 21 c 20 
10 21 c 20 
11 21 c 20 
12 21 c 20 
13 21 c 20 
14 21 c 20 
15 21 c 20 
16 21 c 20 
17 21 c 20 
18 21 c 20 
19 21 c 20 
20 21 c 20 
21 21 c 20 
22 21 c 20 
23 21 c 20 
24 21 c 20 
25 21 c 20 
26 21 c 20 
27 21 c 20 
28 21 c 20 
29 21 c 20 
30 21 c 20 
31 21 c 20 
32 21 c 20 
33 21 c 20 
34 21 c 20 
35 21 c 20 
36 21 c 20 
37 21 c 20 
38 21 c 20 
39 21 c 20 
40 21 c 20 
41 21 c 20 
42 21 c 20 
43 21 c 20 
44 21 c 20 
45 21 c 20 
46 21 c 20 
47 21 c 20 
48 21 c 20 
49 21 c 20 
50 21 t 75 
0 22 s 0 
1 22 c 20 
2 22 c 20 
3 22 c 20 
4 22 c 20 
5 22 c 20 
6 22 c 20 
7 22 c 20 
8 22 c 20 
9 22 c 20 
10 22 c 20 
11 22 c 20 
12 22 c 20 
13 22 c 20 
14 22 c 20 
15 22 c 20 
16 22 c 20 
17 22 c 20 
18 22 c 20 
19 22 c 20 
20 22 c 20 
21 22 c 20 
22 22 c 20 
23 22 c 20 
24 22 c 20 
25 22 c 20 
26 22 c 20 
27 22 c 20 
28 22 c 20 
29 22 c 20 
30 22 c 20 
31 22 c 20 
32 22 c 20 
33 22 c 20 
34 22 c 20 
35 22 c 20 
36 22 c 20 
37 22 c 20 
38 22 c 20 
39 22 c 20 
40 22 c 20 
41 22 c 20 
42 22 c 20 
43 22 c 20 
44 22 c 20 
45 22 c 20 
46 22 c 20 
47 22 c 20 
48 22 c 20 
49 22 c 20 
50 22 t 75 
0 23 s 0 
1 23 c 20 
2 23 c 20 
3 23 c 20 
4 23 c 20 
5 23 c 20 
6 23 c 20 
7 23 c 20 
8 23 c 20 
9 23 c 20 
10 23 c 20 
11 23 c 20 
12 23 c 20 
13 23 c 20 
14 23 c 20 
15 23 c 20 
16 23 c 20 
17 23 c 20 
18 23 c 20 
19 23 c 20 
20 23 c 20 
21 23 c 20 
22 23 c 20 
23 23 c 20 
24 23 c 20 
25 23 c 20 
26 23 c 20 
27 23 c 20 
28 23 c 20 
29 23 c 20 
30 23 c 20 
31 23 c 20 
32 23 c 20 
33 23 c 20 
34 23 c 20 
35 23 c 20 
36 23 c 20 
37 23 c 20 
38 23 c 20 
39 23 c 20 
40 23 c 20 
41 23 c 20 
42 23 c 20 
43 23 c 20 
44 23 c 20 
45 23 c 20 
46 23 c 20 
47 23 c 20 
48 23 c 20 
49 23 c 20 
50 23 t 75 
0 24 s 0 
1 24 c 20 
2 24 c 20 
3 24 c 20 
4 24 c 20 
5 24 c 20 
6 24 c 20 
7 24 c 20 
8 24 c 20 
9 24 c 20 
10 24 c 20 
11 24 c 20 
12 24 c 20 
13 24 c 20 
14 24 c 20 
15 24 c 20 
16 24 c 20 
17 24 c 20 
18 24 c 20 
19 24 c 20 
20 24 c 20 
21 24 c 20 
22 24 c 20 
23 24 c 20 
24 24 c 20 
25 24 c 20 
26 24 c 20 
27 24 c 20 
28 24 c 20 
29 24 c 20 
30 24 c 20 
31 24 c 20 
32 24 c 20 
33 24 c 20 
34 24 c 20 
35 24 c 20 
36 24 c 20 
37 24 c 20 
38 24 c 20 
39 24 c 20 
40 24 c 20 
41 24 c 20 
42 24 c 20 
43 24 c 20 
44 24 c 20 
45 24 c 20 
46 24 c 20 
47 24 c 20 
48 24 c 20 
49 24 c 20 
50 24 t 75 
0 25 s 0 
1 25 c 20 
2 25 c 20 
3 25 c 20 
4 25 c 20 
5 25 c 20 
6 25 c 20 
7 25 c 20 
8 25 c 20 
9 25 c 20 
10 25 c 20 
11 25 c 20 
12 25 c 20 
13 25 c 20 
14 25 c 20 
15 25 c 20 
16 25 c 20 
17 25 c 20 
18 25 c 20 
19 25 c 20 
20 25 c 20 
21 25 c 20 
22 25 c 20 
23 25 c 20 
24 25 c 20 
25 25 c 20 
26 25 c 20 
27 25 c 20 
28 25 c 20 
29 25 c 20 
30 25 c 20 
31 25 c 20 
32 25 c 20 
33 25 c 20 
34 25 c 20 
35 25 c 20 
36 25 c 20 
37 25 c 20 
38 25 c 20 
39 25 c 20 
40 25 c 20 
41 25 c 20 
42 25 c 20 
43 25 c 20 
44 25 c 20 
45 25 c 20 
46 25 c 20 
47 25 c 20 
48 25 c 20 
49 25 c 20 
50 25 t 75 
0 26 s 0 
1 26 c 20 
2 26 c 20 
3 26 c 20 
4 26 c 20 
5 26 c 20 
6 26 c 20 
7 26 c 20 
8 26 c 20 
9 26 c 20 
10 26 c 20 
11 26 c 20 
12 26 c 20 
13 26 c 20 
14 26 c 20 
15 26 c 20 
16 26 c 20 
17 26 c 20 
18 26 c 20 
19 26 c 20 
20 26 c 20 
21 26 c 20 
22 26 c 20 
23 26 c 20 
24 26 c 20 
25 26 c 20 
26 26 c 20 
27 26 c 20 
28 26 c 20 
29 26 c 20 
30 26 c 20 
31 26 c 20 
32 26 c 20 
33 26 c 20 
34 26 c 20 
35 26 c 20 
36 26 c 20 
37 26 c 20 
38 26 c 20 
39 26 c 20 
40 26 c 20 
41 26 c 20 
42 26 c 20 
43 26 c 20 
44 26 c 20 
45 26 c 20 
46 26 c 20 
47 26 c 20 
48 26 c 20 
49 26 c 20 
50 26 t 75 
0 27 s 0 
1 27 c 20 
2 27 c 20 
3 27 c 20 
4 27 c 20 
5 27 c 20 
6 27 c 20 
7 27 c 20 
8 27 c 20 
9 27 c 20 
10 27 c 20 
11 27 c 20 
12 27 c 20 
13 27 c 20 
14 27 c 20 
15 27 c 20 
16 27 c 20 
17 27 c 20 
18 27 c 20 
19 27 c 20 
20 27 c 20 
21 27 c 20 
22 27 c 20 
23 27 c 20 
24 27 c 20 
25 27 c 20 
26 27 c 20 
27 27 c 20 
28 27 c 20 
29 27 c 20 
30 27 c 20 
31 27 c 20 
32 27 c 20 
33 27 c 20 
34 27 c 20 
35 27 c 20 
36 27 c 20 
37 27 c 20 
38 27 c 20 
39 27 c 20 
40 27 c 20 
41 27 c 20 
42 27 c 20 
43 27 c 20 
44 27 c 20 
45 27 c 20 
46 27 c 20 
47 27 c 20 
48 27 c 20 
49 27 c 20 
50 27 t 75 
0 28 s 0 
1 28 c 20 
2 28 c 20 
3 28 c 20 
4 28 c 20 
5 28 c 20 
6 28 c 20 
7 28 c 20 
8 28 c 20 
9 28 c 20 
10 28 c 20 
11 28 c 20 
12 28 c 20 
13 28 c 20 
14 28 c 20 
15 28 c 20 
16 28 c 20 
17 28 c 20 
18 28 c 20 
19 28 c 20 
20 28 c 20 
21 28 c 20 
22 28 c 20 
23 28 c 20 
24 28 c 20 
25 28 c 20 
26 28 c 20 
27 28 c 20 
28 28 c 20 
29 28 c 20 
30 28 c 20 
31 28 c 20 
32 28 c 20 
33 28 c 20 
34 28 c 20 
35 28 c 20 
36 28 c 20 
37 28 c 20 
38 28 c 20 
39 28 c 20 
40 28 c 20 
41 28 c 20 
42 28 c 20 
43 28 c 20 
44 28 c 20 
45 28 c 20 
46 28 c 20 
47 28 c 20 
48 28 c 20 
49 28 c 20 
50 28 t 75 
0 29 s 0 
1 29 c 20 
2 29 c 20 
3 29 c 20 
4 29 c 20 
5 29 c 20 
6 29 c 20 
7 29 c 20 
8 29 c 20 
9 29 c 20 
10 29 c 20 
11 29 c 20 
12 29 c 20 
13 29 c 20 
14 29 c 20 
15 29 c 20 
16 29 c 20 
17 29 c 20 
18 29 c 20 
19 29 c 20 
20 29 c 20 
21 29 c 20 
22 29 c 20 
23 29 c 20 
24 29 c 20 
25 29 c 20 
26 29 c 20 
27 29 c 20 
28 29 c 20 
29 29 c 20 
30 29 c 20 
31 29 c 20 
32 29 c 20 
33 29 c 20 
34 29 c 20 
35 29 c 20 
36 29 c 20 
37 29 c 20 
38 29 c 20 
39 29 c 20 
40 29 c 20 
41 29 c 20 
42 29 c 20 
43 29 c 20 
44 29 c 20 
45 29 c 20 
46 29 c 20 
47 29 c 20 
48 29 c 20 
49 29 c 20 
50 29 t 75 
0 30 s 0 
1 30 c 20 
2 30 c 20 
3 30 c 20 
4 30 c 20 
5 30 c 20 
6 30 c 20 
7 30 c 20 
8 30 c 20 
9 30 c 20 
10 30 c 20 
11 30 c 20 
12 30 c 20 
13 30 c 20 
14 30 c 20 
15 30 c 20 
16 30 c 20 
17 30 c 20 
18 30 c 20 
19 30 c 20 
20 30 c 20 
21 30 c 20 
22 30 c 20 
23 30 c 20 
24 30 c 20 
25 30 c 20 
26 30 c 20 
27 30 c 20 
28 30 c 20 
29 30 c 20 
30 30 c 20 
31 30 c 20 
32 30 c 20 
33 30 c 20 
34 30 c 20 
35 30 c 20 
36 30 c 20 
37 30 c 20 
38 30 c 20 
39 30 c 20 
40 30 c 20 
41 30 c 20 
42 30 c 20 
43 30 c 20 
44 30 c 20 
45 30 c 20 
46 30 c 20 
47 30 c 20 
48 30 c 20 
49 30 c 20 
50 30 t 75 
0 31 s 0 
1 31 c 20 
2 31 c 20 
3 31 c 20 
4 31 c 20 
5 31 c 20 
6 31 c 20 
7 31 c 20 
8 31 c 20 
9 31 c 20 
10 31 c 20 
11 31 c 20 
12 31 c 20 
13 31 c 20 
14 31 c 20 
15 31 c 20 
16 31 c 20 
17 31 c 20 
18 31 c 20 
19 31 c 20 
20 31 c 20 
21 31 c 20 
22 31 c 20 
23 31 c 20 
24 31 c 20 
25 31 c 20 
26 31 c 20 
27 31 c 20 
28 31 c 20 
29 31 c 20 
30 31 c 20 
31 31 c 20 
32 31 c 20 
33 31 c 20 
34 31 c 20 
35 31 c 20 
36 31 c 20 
37 31 c 20 
38 31 c 20 
39 31 c 20 
40 31 c 20 
41 31 c 20 
42 31 c 20 
43 31 c 20 
44 31 c 20 
45 31 c 20 
46 31 c 20 
47 31 c 20 
48 31 c 20 
49 31 c 20 
50 31 t 75 
0 32 s 0 
1 32 c 20 
2 32 c 20 
3 32 c 20 
4 32 c 20 
5 32 c 20 
6 32 c 20 
7 32 c 20 
8 32 c 20 
9 32 c 20 
10 32 c 20 
11 32 c 20 
12 32 c 20 
13 32 c 20 
14 32 c 20 
15 32 c 20 
16 32 c 20 
17 32 c 20 
18 32 c 20 
19 32 c 20 
20 32 c 20 
21 32 c 20 
22 32 c 20 
23 32 c 20 
24 32 c 20 
25 32 c 20 
26 32 c 20 
27 32 c 20 
28 32 c 20 
29 32 c 20 
30 32 c 20 
31 32 c 20 
32 32 c 20 
33 32 c 20 
34 32 c 20 
35 32 c 20 
36 32 c 20 
37 32 c 20 
38 32 c 20 
39 32 c 20 
40 32 c 20 
41 32 c 20 
42 32 c 20 
43 32 c 20 
44 32 c 20 
45 32 c 20 
46 32 c 20 
47 32 c 20 
48 32 c 20 
49 32 c 20 
50 32 t 75 
0 33 s 0 
1 33 c 20 
2 33 c 20 
3 33 c 20 
4 33 c 20 
5 33 c 20 
6 33 c 20 
7 33 c 20 
8 33 c 20 
9 33 c 20 
10 33 c 20 
11 33 c 20 
12 33 c 20 
13 33 c 20 
14 33 c 20 
15 33 c 20 
16 33 c 20 
17 33 c 20 
18 33 c 20 
19 33 c 20 
20 33 c 20 
21 33 c 20 
22 33 c 20 
23 33 c 20 
24 33 c 20 
25 33 c 20 
26 33 c 20 
27 33 c 20 
28 33 c 20 
29 33 c 20 
30 33 c 20 
31 33 c 20 
32 33 c 20 
33 33 c 20 
34 33 c 20 
35 33 c 20 
36 33 c 20 
37 33 c 20 
38 33 c 20 
39 33 c 20 
40 33 c 20 
41 33 c 20 
42 33 c 20 
43 33 c 20 
44 33 c 20 
45 33 c 20 
46 33 c 20 
47 33 c 20 
48 33 c 20 
49 33 c 20 
50 33 t 75 
0 34 s 0 
1 34 c 20 
2 34 c 20 
3 34 c 20 
4 34 c 20 
5 34 c 20 
6 34 c 20 
7 34 c 20 
8 34 c 20 
9 34 c 20 
10 34 c 20 
11 34 c 20 
12 34 c 20 
13 34 c 20 
14 34 c 20 
15 34 c 20 
16 34 c 20 
17 34 c 20 
18 34 c 20 
19 34 c 20 
20 34 c 20 
21 34 c 20 
22 34 c 20 
23 34 c 20 
24 34 c 20 
25 34 c 20 
26 34 c 20 
27 34 c 20 
28 34 c 20 
29 34 c 20 
30 34 c 20 
31 34 c 20 
32 34 c 20 
33 34 c 20 
34 34 c 20 
35 34 c 20 
36 34 c 20 
37 34 c 20 
38 34 c 20 
39 34 c 20 
40 34 c 20 
41 34 c 20 
42 34 c 20 
43 34 c 20 
44 34 c 20 
45 34 c 20 
46 34 c 20 
47 34 c 20 
48 34 c 20 
49 34 c 20 
50 34 t 75 
0 35 s 0 
1 35 c 20 
2 35 c 20 
3 35 c 20 
4 35 c 20 
5 35 c 20 
6 35 c 20 
7 35 c 20 
8 35 c 20 
9 35 c 20 
10 35 c 20 
11 35 c 20 
12 35 c 20 
13 35 c 20 
14 35 c 20 
15 35 c 20 
16 35 c 20 
17 35 c 20 
18 35 c 20 
19 35 c 20 
20 35 c 20 
21 35 c 20 
22 35 c 20 
23 35 c 20 
24 35 c 20 
25 35 c 20 
26 35 c 20 
27 35 c 20 
28 35 c 20 
29 35 c 20 
30 35 c 20 
31 35 c 20 
32 35 c 20 
33 35 c 20 
34 35 c 20 
35 35 c 20 
36 35 c 20 
37 35 c 20 
38 35 c 20 
39 35 c 20 
40 35 c 20 
41 35 c 20 
42 35 c 20 
43 35 c 20 
44 35 c 20 
45 35 c 20 
46 35 c 20 
47 35 c 20 
48 35 c 20 
49 35 c 20 
50 35 t 75 
0 36 s 0 
1 36 c 20 
2 36 c 20 
3 36 c 20 
4 36 c 20 
5 36 c 20 
6 36 c 20 
7 36 c 20 
8 36 c 20 
9 36 c 20 
10 36 c 20 
11 36 c 20 
12 36 c 20 
13 36 c 20 
14 36 c 20 
15 36 c 20 
16 36 c 20 
17 36 c 20 
18 36 c 20 
19 36 c 20 
20 36 c 20 
21 36 c 20 
22 36 c 20 
23 36 c 20 
24 36 c 20 
25 36 c 20 
26 36 c 20 
27 36 c 20 
28 36 c 20 
29 36 c 20 
30 36 c 20 
31 36 c 20 
32 36 c 20 
33 36 c 20 
34 36 c 20 
35 36 c 20 
36 36 c 20 
37 36 c 20 
38 36 c 20 
39 36 c 20 
40 36 c 20 
41 36 c 20 
42 36 c 20 
43 36 c 20 
44 36 c 20 
45 36 c 20 
46 36 c 20 
47 36 c 20 
48 36 c 20 
49 36 c 20 
50 36 t 75 
0 37 s 0 
1 37 c 20 
2 37 c 20 
3 37 c 20 
4 37 c 20 
5 37 c 20 
6 37 c 20 
7 37 c 20 
8 37 c 20 
9 37 c 20 
10 37 c 20 
11 37 c 20 
12 37 c 20 
13 37 c 20 
14 37 c 20 
15 37 c 20 
16 37 c 20 
17 37 c 20 
18 37 c 20 
19 37 c 20 
20 37 c 20 
21 37 c 20 
22 37 c 20 
23 37 c 20 
24 37 c 20 
25 37 c 20 
26 37 c 20 
27 37 c 20 
28 37 c 20 
29 37 c 20 
30 37 c 20 
31 37 c 20 
32 37 c 20 
33 37 c 20 
34 37 c 20 
35 37 c 20 
36 37 c 20 
37 37 c 20 
38 37 c 20 
39 37 c 20 
40 37 c 20 
41 37 c 20 
42 37 c 20 
43 37 c 20 
44 37 c 20 
45 37 c 20 
46 37 c 20 
47 37 c 20 
48 37 c 20 
49 37 c 20 
50 37 t 75 
0 38 s 0 
1 38 c 20 
2 38 c 20 
3 38 c 20 
4 38 c 20 
5 38 c 20 
6 38 c 20 
7 38 c 20 
8 38 c 20 
9 38 c 20 
10 38 c 20 
11 38 c 20 
12 38 c 20 
13 38 c 20 
14 38 c 20 
15 38 c 20 
16 38 c 20 
17 38 c 20 
18 38 c 20 
19 38 c 20 
20 38 c 20 
21 38 c 20 
22 38 c 20 
23 38 c 20 
24 38 c 20 
25 38 c 20 
26 38 c 20 
27 38 c 20 
28 38 c 20 
29 38 c 20 
30 38 c 20 
31 38 c 20 
32 38 c 20 
33 38 c 20 
34 38 c 20 
35 38 c 20 
36 38 c 20 
37 38 c 20 
38 38 c 20 
39 38 c 20 
40 38 c 20 
41 38 c 20 
42 38 c 20 
43 38 c 20 
44 38 c 20 
45 38 c 20 
46 38 c 20 
47 38 c 20 
48 38 c 20 
49 38 c 20 
50 38 t 75 
0 39 s 0 
1 39 c 20 
2 39 c 20 
3 39 c 20 
4 39 c 20 
5 39 c 20 
6 39 c 20 
7 39 c 20 
8 39 c 20 
9 39 c 20 
10 39 c 20 
11 39 c 20 
12 39 c 20 
13 39 c 20 
14 39 c 20 
15 39 c 20 
16 39 c 20 
17 39 c 20 
18 39 c 20 
19 39 c 20 
20 39 c 20 
21 39 c 20 
22 39 c 20 
23 39 c 20 
24 39 c 20 
25 39 c 20 
26 39 c 20 
27 39 c 20 
28 39 c 20 
29 39 c 20 
30 39 c 20 
31 39 c 20 
32 39 c 20 
33 39 c 20 
34 39 c 20 
35 39 c 20 
36 39 c 20 
37 39 c 20 
38 39 c 20 
39 39 c 20 
40 39 c 20 
41 39 c 20 
42 39 c 20 
43 39 c 20 
44 39 c 20 
45 39 c 20 
46 39 c 20 
47 39 c 20 
48 39 c 20 
49 39 c 20 
50 39 t 75 
0 40 s 0 
1 40 c 20 
2 40 c 20 
3 40 c 20 
4 40 c 20 
5 40 c 20 
6 40 c 20 
7 40 c 20 
8 40 c 20 
9 40 c 20 
10 40 c 20 
11 40 c 20 
12 40 c 20 
13 40 c 20 
14 40 c 20 
15 40 c 20 
16 40 c 20 
17 40 c 20 
18 40 c 20 
19 40 c 20 
20 40 c 20 
21 40 c 20 
22 40 c 20 
23 40 c 20 
24 40 c 20 
25 40 c 20 
26 40 c 20 
27 40 c 20 
28 40 c 20 
29 40 c 20 
30 40 c 20 
31 40 c 20 
32 40 c 20 
33 40 c 20 
34 40 c 20 
35 40 c 20 
36 40 c 20 
37 40 c 20 
38 40 c 20 
39 40 c 20 
40 40 c 20 
41 40 c 20 
42 40 c 20 
43 40 c 20 
44 40 c 20 
45 40 c 20 
46 40 c 20 
47 40 c 20 
48 40 c 20 
49 40 c 20 
50 40 t 75 
0 41 s 0 
1 41 c 20 
2 41 c 20 
3 41 c 20 
4 41 c 20 
5 41 c 20 
6 41 c 20 
7 41 c 20 
8 41 c 20 
9 41 c 20 
10 41 c 20 
11 41 c 20 
12 41 c 20 
13 41 c 20 
14 41 c 20 
15 41 c 20 
16 41 c 20 
17 41 c 20 
18 41 c 20 
19 41 c 20 
20 41 c 20 
21 41 c 20 
22 41 c 20 
23 41 c 20 
24 41 c 20 
25 41 c 20 
26 41 c 20 
27 41 c 20 
28 41 c 20 
29 41 c 20 
30 41 c 20 
31 41 c 20 
32 41 c 20 
33 41 c 20 
34 41 c 20 
35 41 c 20 
36 41 c 20 
37 41 c 20 
38 41 c 20 
39 41 c 20 
40 41 c 20 
41 41 c 20 
42 41 c 20 
43 41 c 20 
44 41 c 20 
45 41 c 20 
46 41 c 20 
47 41 c 20 
48 41 c 20 
49 41 c 20 
50 41 t 75 
0 42 s 0 
1 42 c 20 
2 42 c 20 
3 42 c 20 
4 42 c 20 
5 42 c 20 
6 42 c 20 
7 42 c 20 
8 42 c 20 
9 42 c 20 
10 42 c 20 
11 42 c 20 
12 42 c 20 
13 42 c 20 
14 42 c 20 
15 42 c 20 
16 42 c 20 
17 42 c 20 
18 42 c 20 
19 42 c 20 
20 42 c 20 
21 42 c 20 
22 42 c 20 
23 42 c 20 
24 42 c 20 
25 42 c 20 
26 42 c 20 
27 42 c 20 
28 42 c 20 
29 42 c 20 
30 42 c 20 
31 42 c 20 
32 42 c 20 
33 42 c 20 
34 42 c 20 
35 42 c 20 
36 42 c 20 
37 42 c 20 
38 42 c 20 
39 42 c 20 
40 42 c 20 
41 42 c 20 
42 42 c 20 
43 42 c 20 
44 42 c 20 
45 42 c 20 
46 42 c 20 
47 42 c 20 
48 42 c 20 
49 42 c 20 
50 42 t 75 
0 43 s 0 
1 43 c 20 
2 43 c 20 
3 43 c 20 
4 43 c 20 
5 43 c 20 
6 43 c 20 
7 43 c 20 
8 43 c 20 
9 43 c 20 
10 43 c 20 
11 43 c 20 
12 43 c 20 
13 43 c 20 
14 43 c 20 
15 43 c 20 
16 43 c 20 
17 43 c 20 
18 43 c 20 
19 43 c 20 
20 43 c 20 
21 43 c 20 
22 43 c 20 
23 43 c 20 
24 43 c 20 
25 43 c 20 
26 43 c 20 
27 43 c 20 
28 43 c 20 
29 43 c 20 
30 43 c 20 
31 43 c 20 
32 43 c 20 
33 43 c 20 
34 43 c 20 
35 43 c 20 
36 43 c 20 
37 43 c 20 
38 43 c 20 
39 43 c 20 
40 43 c 20 
41 43 c 20 
42 43 c 20 
43 43 c 20 
44 43 c 20 
45 43 c 20 
46 43 c 20 
47 43 c 20 
48 43 c 20 
49 43 c 20 
50 43 t 75 
0 44 s 0 
1 44 c 20 
2 44 c 20 
3 44 c 20 
4 44 c 20 
5 44 c 20 
6 44 c 20 
7 44 c 20 
8 44 c 20 
9 44 c 20 
10 44 c 20 
11 44 c 20 
12 44 c 20 
13 44 c 20 
14 44 c 20 
15 44 c 20 
16 44 c 20 
17 44 c 20 
18 44 c 20 
19 44 c 20 
20 44 c 20 
21 44 c 20 
22 44 c 20 
23 44 c 20 
24 44 c 20 
25 44 c 20 
26 44 c 20 
27 44 c 20 
28 44 c 20 
29 44 c 20 
30 44 c 20 
31 44 c 20 
32 44 c 20 
33 44 c 20 
34 44 c 20 
35 44 c 20 
36 44 c 20 
37 44 c 20 
38 44 c 20 
39 44 c 20 
40 44 c 20 
41 44 c 20 
42 44 c 20 
43 44 c 20 
44 44 c 20 
45 44 c 20 
46 44 c 20 
47 44 c 20 
48 44 c 20 
49 44 c 20 
50 44 t 75 
0 45 s 0 
1 45 c 20 
2 45 c 20 
3 45 c 20 
4 45 c 20 
5 45 c 20 
6 45 c 20 
7 45 c 20 
8 45 c 20 
9 45 c 20 
10 45 c 20 
11 45 c 20 
12 45 c 20 
13 45 c 20 
14 45 c 20 
15 45 c 20 
16 45 c 20 
17 45 c 20 
18 45 c 20 
19 45 c 20 
20 45 c 20 
21 45 c 20 
22 45 c 20 
23 45 c 20 
24 45 c 20 
25 45 c 20 
26 45 c 20 
27 45 c 20 
28 45 c 20 
29 45 c 20 
30 45 c 20 
31 45 c 20 
32 45 c 20 
33 45 c 20 
34 45 c 20 
35 45 c 20 
36 45 c 20 
37 45 c 20 
38 45 c 20 
39 45 c 20 
40 45 c 20 
41 45 c 20 
42 45 c 20 
43 45 c 20 
44 45 c 20 
45 45 c 20 
46 45 c 20 
47 45 c 20 
48 45 c 20 
49 45 c 20 
50 45 t 75 
0 46 s 0 
1 46 c 20 
2 46 c 20 
3 46 c 20 
4 46 c 20 
5 46 c 20 
6 46 c 20 
7 46 c 20 
8 46 c 20 
9 46 c 20 
10 46 c 20 
11 46 c 20 
12 46 c 20 
13 46 c 20 
14 46 c 20 
15 46 c 20 
16 46 c 20 
17 46 c 20 
18 46 c 20 
19 46 c 20 
20 46 c 20 
21 46 c 20 
22 46 c 20 
23 46 c 20 
24 46 c 20 
25 46 c 20 
26 46 c 20 
27 46 c 20 
28 46 c 20 
29 46 c 20 
30 46 c 20 
31 46 c 20 
32 46 c 20 
33 46 c 20 
34 46 c 20 
35 46 c 20 
36 46 c 20 
37 46 c 20 
38 46 c 20 
39 46 c 20 
40 46 c 20 
41 46 c 20 
42 46 c 20 
43 46 c 20 
44 46 c 20 
45 46 c 20 
46 46 c 20 
47 46 c 20 
48 46 c 20 
49 46 c 20 
50 46 t 75 
0 47 s 0 
1 47 c 20 
2 47 c 20 
3 47 c 20 
4 47 c 20 
5 47 c 20 
6 47 c 20 
7 47 c 20 
8 47 c 20 
9 47 c 20 
10 47 c 20 
11 47 c 20 
12 47 c 20 
13 47 c 20 
14 47 c 20 
15 47 c 20 
16 47 c 20 
17 47 c 20 
18 47 c 20 
19 47 c 20 
20 47 c 20 
21 47 c 20 
22 47 c 20 
23 47 c 20 
24 47 c 20 
25 47 c 20 
26 47 c 20 
27 47 c 20 
28 47 c 20 
29 47 c 20 
30 47 c 20 
31 47 c 20 
32 47 c 20 
33 47 c 20 
34 47 c 20 
35 47 c 20 
36 47 c 20 
37 47 c 20 
38 47 c 20 
39 47 c 20 
40 47 c 20 
41 47 c 20 
42 47 c 20 
43 47 c 20 
44 47 c 20 
45 47 c 20 
46 47 c 20 
47 47 c 20 
48 47 c 20 
49 47 c 20 
50 47 t 75 
0 48 s 0 
1 48 c 20 
2 48 c 20 
3 48 c 20 
4 48 c 20 
5 48 c 20 
6 48 c 20 
7 48 c 20 
8 48 c 20 
9 48 c 20 
10 48 c 20 
11 48 c 20 
12 48 c 20 
13 48 c 20 
14 48 c 20 
15 48 c 20 
16 48 c 20 
17 48 c 20 
18 48 c 20 
19 48 c 20 
20 48 c 20 
21 48 c 20 
22 48 c 20 
23 48 c 20 
24 48 c 20 
25 48 c 20 
26 48 c 20 
27 48 c 20 
28 48 c 20 
29 48 c 20 
30 48 c 20 
31 48 c 20 
32 48 c 20 
33 48 c 20 
34 48 c 20 
35 48 c 20 
36 48 c 20 
37 48 c 20 
38 48 c 20 
39 48 c 20 
40 48 c 20 
41 48 c 20 
42 48 c 20 
43 48 c 20 
44 48 c 20 
45 48 c 20 
46 48 c 20 
47 48 c 20 
48 48 c 20 
49 48 c 20 
50 48 t 75 
0 49 s 0 
1 49 c 20 
2 49 c 20 
3 49 c 20 
4 49 c 20 
5 49 c 20 
6 49 c 20 
7 49 c 20 
8 49 c 20 
9 49 c 20 
10 49 c 20 
11 49 c 20 
12 49 c 20 
13 49 c 20 
14 49 c 20 
15 49 c 20 
16 49 c 20 
17 49 c 20 
18 49 c 20 
19 49 c 20 
20 49 c 20 
21 49 c 20 
22 49 c 20 
23 49 c 20 
24 49 c 20 
25 49 c 20 
26 49 c 20 
27 49 c 20 
28 49 c 20 
29 49 c 20 
30 49 c 20 
31 49 c 20 
32 49 c 20 
33 49 c 20 
34 49 c 20 
35 49 c 20 
36 49 c 20 
37 49 c 20 
38 49 c 20 
39 49 c 20 
40 49 c 20 
41 49 c 20 
42 49 c 20 
43 49 c 20 
44 49 c 20 
45 49 c 20 
46 49 c 20 
47 49 c 20 
48 49 c 20 
49 49 c 20 
50 49 t 75 
0 50 s 0 
1 50 c 20 
1 51 s 0 
2 50 c 20 
2 51 t 0 
3 50 c 20 
3 51 t 0 
4 50 c 20 
4 51 t 0 
5 50 c 20 
5 51 t 0 
6 50 c 20 
6 51 t 0 
7 50 c 20 
7 51 t 0 
8 50 c 20 
8 51 t 0 
9 50 c 20 
9 51 t 0 
10 50 c 20 
10 51 t 0 
11 50 c 20 
11 51 t 0 
12 50 c 20 
12 51 t 0 
13 50 c 20 
13 51 t 0 
14 50 c 20 
14 51 t 0 
15 50 c 20 
15 51 t 0 
16 50 c 20 
16 51 t 0 
17 50 c 20 
17 51 t 0 
18 50 c 20 
18 51 t 0 
19 50 c 20 
19 51 t 0 
20 50 c 20 
20 51 t 0 
21 50 c 20 
21 51 t 0 
22 50 c 20 
22 51 t 0 
23 50 c 20 
23 51 t 0 
24 50 c 20 
24 51 t 0 
25 50 c 20 
25 51 t 0 
26 50 c 20 
26 51 t 0 
27 50 c 20 
27 51 t 0 
28 50 c 20 
28 51 t 0 
29 50 c 20 
29 51 t 0 
30 50 c 20 
30 51 t 0 
31 50 c 20 
31 51 t 0 
32 50 c 20 
32 51 t 0 
33 50 c 20 
33 51 t 0 
34 50 c 20 
34 51 t 0 
35 50 c 20 
35 51 t 0 
36 50 c 20 
36 51 t 0 
37 50 c 20 
37 51 t 0 
38 50 c 20 
38 51 t 0 
39 50 c 20 
39 51 t 0 
40 50 c 20 
40 51 t 0 
41 50 c 20 
41 51 t 0 
42 50 c 20 
42 51 t 0 
43 50 c 20 
43 51 t 0 
44 50 c 20 
44 51 t 0 
45 50 c 20 
45 51 t 0 
46 50 c 20 
46 51 t 0 
47 50 c 20 
47 51 t 0 
48 50 c 20 
48 51 t 0 
49 50 c 20 
49 51 t 0 
50 50 t 75 
